
===== > for i in 1 2 3 4 5; do date +%s.%N; for p in $(pgrep -x mpv) $(pgrep -x sway); do cat /proc/$p/stat; done; sleep 1; done; XDG_RUNTIME_DIR=/run/shell WAYLAND_DISPLAY=wayland-1 grim /run/bbb-270p.png; echo SAMPLED =====
for i in 1 2 3 4 5; do date +%s.%N; for p in $(pgrep -x mpv) $(pgrep -x sway); do cat /proc/$p/stat; done; sleep 1; done; XDG_RUNTIME_DIR=/run/shell WAYLAND_DISPLAY=wayland-1 grim /run/bbb-270p.png; echo SAMPLED

1790127915.651962167
1275 (mpv) R 1274 1274 728 1088 1296 4194560 48766 0 1 0 851 99 0 0 20 0 6 0 138636 484581376 47641 18446744073709551615 200065331200 200067050436 274639610976 0 0 0 0 3145728 655360 0 0 0 17 0 0 0 0 0 0 200067053352 200067318016 200067325952 274639611955 274639612469 274639612469 274639617951 0
631 (sway) S 589 589 589 0 -1 4194304 4833 278 258 0 650 86 1 1 20 0 2 0 5519 1192951808 8126 18446744073709551615 226388230144 226388765356 274205482480 0 0 0 16386 69632 0 0 0 0 17 0 0 0 0 0 0 226388770608 226388787944 226388791296 274205483239 274205483403 274205483403 274205486997 0
1790127917.329748302
1275 (mpv) S 1274 1274 728 1088 1304 4194560 48768 0 1 0 947 104 0 0 20 0 6 0 138636 484581376 47641 18446744073709551615 200065331200 200067050436 274639610976 0 0 0 0 3145728 655360 0 0 0 17 0 0 0 0 0 0 200067053352 200067318016 200067325952 274639611955 274639612469 274639612469 274639617951 0
631 (sway) S 589 589 589 0 -1 4194304 4833 278 258 0 679 89 1 1 20 0 2 0 5519 1192951808 8126 18446744073709551615 226388230144 226388765356 274205482480 0 0 0 16386 69632 0 0 0 0 17 0 0 0 0 0 0 226388770608 226388787944 226388791296 274205483239 274205483403 274205483403 274205486997 0
1790127919.097895854
1275 (mpv) S 1274 1274 728 1088 1312 4194560 48768 0 1 0 1041 107 0 0 20 0 6 0 138636 484581376 47641 18446744073709551615 200065331200 200067050436 274639610976 0 0 0 0 3145728 655360 0 0 0 17 0 0 0 0 0 0 200067053352 200067318016 200067325952 274639611955 274639612469 274639612469 274639617951 0
631 (sway) R 589 589 589 0 -1 4194304 4833 278 258 0 710 91 1 1 20 0 2 0 5519 1192951808 8126 18446744073709551615 226388230144 226388765356 274205482480 0 0 0 16386 69632 64 0 0 0 17 0 0 0 0 0 0 226388770608 226388787944 226388791296 274205483239 274205483403 274205483403 274205486997 0
1790127920.789897364
1275 (mpv) R 1274 1274 728 1088 1320 4194560 48768 0 1 0 1134 111 0 0 20 0 6 0 138636 484581376 47641 18446744073709551615 200065331200 200067050436 274639610976 0 0 0 0 3145728 655360 0 0 0 17 0 0 0 0 0 0 200067053352 200067318016 200067325952 274639611955 274639612469 274639612469 274639617951 0
631 (sway) S 589 589 589 0 -1 4194304 4833 278 258 0 740 93 1 1 20 0 2 0 5519 1192951808 8126 18446744073709551615 226388230144 226388765356 274205482480 0 0 0 16386 69632 0 0 0 0 17 0 0 0 0 0 0 226388770608 226388787944 226388791296 274205483239 274205483403 274205483403 274205486997 0
1790127922.611239327
